start=19.507327
volume=110.000000
border=no
