start=1410.743000
volume=50.000000
border=no
aid=2
sid=1
