start=1346.387000
volume=100.000000
border=no
