start=1424.089000
volume=70.000000
border=no
aid=2
sid=1
