start=1411.285000
volume=64.000000
border=no
