start=7.060588
volume=94.000000
border=no
