start=1405.779378
volume=100.000000
border=no
