start=40.589980
volume=60.000000
border=no
