start=1408.532000
volume=110.000000
border=no
