start=1403.986000
pause=yes
volume=50.000000
border=no
aid=2
sid=1
